1 10
100 200
201 210
900 1000
1 1
500 500
200 200
15 15
20 30
1000 2000
100 500
123 162
5063 6003
1663 6094
156 170
1 1836
500 503
12 136
62 236
406 506
123 124
456 567
125 263
720 800
609 904
344 350
69 70
240 500
1 2
4 699
203 267
104 473
3 6904
6928 7000
500 8000
150 500
39 1000
609 2396
6 100
393 2369
12 26
46 209
7093 7999
620 720
14 144
367 398
597 6003
1235 1773
3263 5730
544 3744
100 201
600 1400
236 1273
100 900
30 20
2000 1000
500 100
162 123
6003 5063
6094 1663
170 156
1836 1
503 500
136 12
236 62
506 406
124 123
567 456
263 125
800 720
904 609
350 344
70 69
500 240
2 1
699 4
267 203
473 104
6904 3
7000 6928
8000 500
150 500
39 1000
2396 609
100 6
2369 393
26 12
209 46
7999 7093
720 620
144 14
398 367
6003 597
1773 1235
5730 3263
3744 544
201 100
1400 600
1273 236
900 100